-1.2353417991021316
-1.414435254029828
-1.3613359644218703
-1.0680136224955215
-1.1653043662873006
-1.0625490894805216
-1.3921286974703733
-1.3456607314899163
-1.5826409854734056
-1.761734440401102
-1.692131145831651
-1.6921311458316515
-0.7493986786644549
-0.7328025191426502
-0.33052771502740264
-0.6977702386954535
-0.35797993078864865
-0.42226662975954843
-0.4394456414262853
-0.4566246530930217
-0.18667287321674972
0.07862003580220181
0.13490734662852386
0.0487078925372684
0.009016741232750619
0.15826437057212392
0.1934673423250773
-0.1751636956455843
0.24057502962924016
0.8490690179492649
1.2185104685493893
1.794000412048535
1.9132596938168074
1.543988934522438
0.6059153382125626
0.6638021372683562
0.7632918079922093
0.6440325262239373
0.28116166684467503
0.0025785411931262547
0.2608686026722775
0.26306752960435165
1.2057999967715478
0.876316508444116
0.9170242958331727
1.0362835776014447
1.4055543368958137
2.089996742583858
2.089996742583858
2.1714969890115117
2.46481933093786
2.6439127858655556
2.5908134962575975
2.660362013710512
2.7598516844343655
3.0257274455982484
3.9638010419081233
4.2687851022315915
4.215685812623635
4.452666066607124
4.731249192258673
4.282506422162968
3.6740124338429454
3.939888195006828
3.859776462881786
3.8597764628817863
3.6061452722599556
3.301161211936487
3.2894994935393664
3.0408027440422187
3.1380934878339977
3.8108741751249218
4.159060595345921
4.072901478060947
4.43577233744021
4.198737306340184
3.8339547265973795
3.880422692577836
3.913426737398716
2.9706942702315193
2.859542881110546
1.9380654443224745
2.2675489326499076
2.3025812130971044
2.388780667188359
2.151800413204869
2.040649024083896
2.1599083058521678
2.1599083058521673
2.1599083058521678
2.2688607680410673
2.1865501089839503
1.243817641816754
1.4643486679552868
1.505951539623346
1.7553232958257365
1.4210848169785644
0.8455948734794198
0.3946531764516414
0.3596208960044447
0.4685733581933442
0.4857523698600808
0.447993334519462
0.12481362644471744
-0.27966010460260454
-0.47593257119703686
-1.4140061675069127
-1.7189902278303815
-1.6658909382224238
-1.9028711922059136
-2.2676537719487175
-2.221185805968261
-2.1881817611473817
-1.532580085523194
-1.450269426466078
-1.531769672893731
-1.2021900649038806
-0.8800269929136751
-1.1383170543928265
-1.1549132139146308
-1.1879172587355098
-1.1879172587355098
-1.5361036789565086
-1.3637451075802804
-1.3243411628442945
-1.4270964396510737
-1.3227128783686164
-1.322712878368616
-1.6852965311793462
-1.720328811626543
-1.887760548157118
-1.9043567076789232
-1.9373607524998016
-2.0188609989274555
-1.781880744943966
-1.6027872900162698
-1.4916359008952962
-0.5866624690687183
-0.513871153280903
-0.4956870460897012
-0.5286910909105802
-0.8973221288812419
-0.9323544093284389
-1.1859855999502693
-1.2211885717032225
-1.5083193632462308
-1.4174610382976547
-1.7800446911083847
-1.36430596583356
-1.3292736853863631
-1.6918573381970927
-1.8699456976003233
-1.7609032654605454
-1.4377235573858007
-1.381436246559479
-1.2140045100289036
-1.197408350507099
-0.9040860085807507
-0.9736893031502019
-0.9736893031502016
-0.9736893031502016
-0.8296145905632273
-1.2318893946784744
-2.0837635368970946
-2.4485461166398985
-2.258003438072467
-2.6272741973668357
-2.823546663961268
-2.818887793103947
-2.7145042318214907
-3.0837749911158587
-3.7682173968039034
-3.4200309765829036
-3.5108893015314795
-3.787273500250954
-3.4474831923441505
-3.5352705941048033
-3.495579442800285
-3.1723997347255404
-2.8674156744020722
-2.92051496401003
-2.5909353560201787
-3.0066740812950035
-2.960206115314547
-3.2833858233892914
-3.444295171125786
-3.8487689021731075
-4.786842498482983
-4.715559101683824
-4.859633814270799
-5.18921342226065
-4.998670743693219
-4.62939998439885
-4.715559101683824
-4.940755148391218
-4.975787428838415
-4.975787428838414
-4.722156238216583
-5.018635681723136
-4.9095932495833585
-4.949284400887877
-4.800036771548503
-4.887824173309156
-4.848420228573172
-4.869675258952296
-4.869675258952296
-4.521488838731296
-4.861279146638102
-4.548295698170055
-4.7206542695462845
-4.39747456147154
-4.137075543011193
-3.8149124710209867
-3.9872710423972153
-3.657691434407364
-3.7667338665471424
-3.6408432611513697
-3.6408432611513697
-3.27825960834064
-3.1001712489374094
-3.1466392149178657
-3.070690797549845
-3.521632494577623
-3.1873940157304514
-3.359752587106681
-3.290204069653766
-3.273700064692273
-2.9441204567024224
-3.3534592820621407
-3.6584433423856098
-3.3289598540581773
-3.744698579333002
-3.6982306133525453
-3.6585394620480276
-3.5541559007655708
-3.3289598540581764
-3.375427820038633
-3.2710442587561768
-3.2710442587561763
-3.126969546169202
-3.022585984886746
-3.022585984886746
-3.391856744181114
-3.219498172804885
-3.2376822799960867
-2.8354074758808396
-2.639135009286407
-2.9789253171932115
-2.6824458736866585
-2.504357514283428
-2.5508254802638843
-2.7000731096032577
-2.612285707842605
-2.645289752663484
-2.3581589611204756
-2.3293182310566185
-2.411628890113735
-2.0429978521430736
-2.090105539447237
-1.721474501476575
-2.049313080408641
-2.051512007340715
-2.051512007340715
-1.682880969370053
-1.7299886566742164
-1.442857865131208
-0.5909837229125878
-0.31240059726103897
-0.6796431209290899
-0.8759155875235226
-0.4271728174278183
-0.7614112962749902
-0.42162098836818573
-0.4859076873390855
-0.03496599031130751
-0.07567377770036444
-0.19493305946863632
-0.19493305946863604
-0.19493305946863593
0.16793779991062655
0.17013672684270045
0.17013672684270037
0.53940748613707
0.5347486152797495
0.5165645080885475
0.18698490009869634
0.3775275786661277
0.3775275786661272
0.6027236253735211
0.41218094680609
0.6373769935134841
0.446834314946053
0.44683431494605275
0.7232185136655276
0.6323601887169515
0.6323601887169515
0.3452293971739431
0.6850197050807475
0.7202226768337006
0.7202226768337007
0.7202226768337006
0.7202226768337003
0.7202226768337003
0.7202226768337003
0.7202226768337007
0.7202226768337008
0.7202226768337008
0.35159163886303874
0.1735032794598083
-0.004585079943422304
0.10445735219635548
-0.15374273933191746
-0.10663505202775442
-0.475266089998416
-0.6533544494016466
-0.831442808804877
-1.4463366970400073
-1.7780191122995137
-1.6689766801597357
-1.42559652626114
-1.5057082583861823
-1.2185774668431741
-1.4768675283223254
-1.7421604373412767
-2.0025594558016233
-1.9554517684974608
-1.9554517684974602
-1.9554517684974604
-1.5868207305267987
-1.9961595558865173
-2.037762427554576
-1.586820730526799
-1.6339284178309619
-1.6339284178309619
-1.7201278719222175
-1.6157443106397602
-1.3905482639323663
-1.2124599045291358
-1.6281986298039608
-1.218859804444242
-1.5153392479507954
-1.4688712819703384
-1.3429806765745655
-1.6193648752940404
-1.2521223516259896
-1.7008651217216937
-1.5918226895819159
-1.7410703189212893
-2.1455440499686107
-2.3418165165630436
-2.169457945186814
-2.187642052378016
-2.292025613660473
-2.6612963729548413
-2.581184640829799
-2.8683154323728073
-3.06458789896724
-2.892229327591011
-2.910413434782213
-2.7611658054428396
-2.600256457706345
-2.3398574392459985
-1.7313634509259737
-1.379911424622049
-1.4676988263827015
-1.5720823876651586
-1.9349532470444213
-1.7144222209058881
-1.454023202445541
-1.869761927720366
-1.8226542404162027
-2.109785031959211
-2.018926707010635
-1.93272725291938
-1.9509113601105819
-2.2804909681004326
-2.0899482895330017
-2.0899482895330013
-2.4585793275036627
-2.049240502143945
-2.3558240506968846
-2.3580229776289583
-2.72665401559962
-2.392415536752448
-2.109943616066761
-1.9318552566635305
-1.978962943967694
-1.9789629439676935
-1.6103319059970325
-2.019670731356751
-1.948387334557592
-1.5791165752632226
-1.6699749002117996
-1.7561743543030548
-2.0143744458313275
-1.5986357205565025
-1.7891783991239334
-1.563982352416539
-1.6104503183969952
-1.736340923792768
-1.7363409237927678
-1.8225403778840235
-1.8622315291885414
-1.7363409237927683
-2.012725122512243
-1.9218667975636672
-1.6454825988441928
-1.44921013224976
-1.2529376656553275
-1.2240969355914708
-1.4940487154677426
-1.4962476423998168
-2.1518493180240044
-2.1346703063572683
-2.237425583164046
-1.9078459751741956
-1.8728136947269987
-1.7638612325380991
-1.8461718915952154
-1.4775408536245542
-1.8932795788993793
-1.9283118593465762
-2.0145113134378314
-1.7711311595392356
-1.861989484487812
-1.8619894844878115
-1.6367934377804174
-1.9710319166275896
-1.8848727993426149
-2.1036689461349027
-2.1599562569612245
-2.1599562569612245
-2.0784560105335714
-2.0454519657126924
-2.414083003683354
-2.736246075673559
-2.6561343435485174
-3.0247653815191784
-3.202853740922409
-3.1563857749419526
-3.2607693362244095
-3.26076933622441
-3.342269582652062
-3.2378860213696052
-3.0126899746622113
-3.0597976619663747
-2.691166623995713
-2.738274311299876
-2.3696432733292148
-1.3918785257148218
-1.1132954000632735
-0.8308234793775859
-0.5086604073873807
-0.6810189787636103
-0.8069095841593834
-0.5305253854399086
-0.6106371175649511
-0.8977679091079591
-1.1802398297936467
-1.1331321424894834
-0.8460013509464753
-0.9261130830715173
-1.294744121042179
-1.2540363336531222
-0.8030946366253439
-1.2188333619001683
-0.884594883052997
-1.3333376531487011
-1.2862299658445377
-1.6548610038151994
-1.2391222785403746
-1.2855902445208311
-0.9560106365309804
-1.3717493618058054
-1.0375108829586335
-0.755038962272946
-0.14654497395292132
0.22289647664720347
0.21823760578988285
0.36748523512925635
0.7719589661765782
0.40471644250852723
0.40937531336584837
0.1511752218375753
0.5669139471124005
0.889077019102606
0.8089652869775636
1.177596324948225
0.9870536463807937
0.9870536463807935
0.9870536463807933
0.9870536463807937
1.3556846843514547
1.5337730437546853
1.486665356450522
2.1422670320747095
1.8928952758723205
1.7148069164690893
1.7619146037732534
1.1063129281490658
0.6553712311212878
0.4772828717180573
0.5243905590222205
0.893021596992882
0.8465536310124255
0.5883535394841528
0.4102651800809225
0.7445036589280938
1.0269755796137814
0.9798678923096182
0.9798678923096183
0.611236854338957
0.8017795329063875
0.5829833861140998
0.5413805144460411
0.6606397962143122
0.6606397962143127
0.6606397962143118
0.6606397962143122
1.0292708341849737
0.9821631468808105
1.3507941848514722
1.3036864975473088
1.6723175355179698
1.2565788102431452
1.3036864975473086
0.2794537839524603
0.23785091228440072
0.25910594266352616
0.09167420613295094
-0.1869089195185979
-0.1822500486612769
-0.22194119996579456
-0.07269357062642082
-0.3856770190944674
-0.6681489397801554
-0.6274411523910985
-0.5451304933339819
-0.4636302469063287
-0.33773964151055585
-0.33773964151055624
-0.33773964151055585
-0.3377396415105555
-0.6248704330535642
-0.5447587009285217
-1.20036037655271
-1.2381194118933287
-0.9799193203650558
-1.3956580456398808
-1.5737464050431114
-1.38320372647568
-1.1644075796833924
-1.1292046079304394
-1.4978356459011015
-1.30729296733367
-1.4513676799206447
-1.5557512412031016
-1.5557512412031016
-1.9243822791737637
-1.8772745918696003
-2.164405383412609
-1.824615075505804
-1.8958984723049632
-1.8958984723049632
-2.1146946190972513
-2.043411222298092
-2.4126819815924603
-2.072891673685656
-2.3858751221537022
-2.582147588748135
-2.7784200553425675
-3.0608919760282554
-3.0201841886391985
-3.269555944841588
-2.8538172195667633
-2.245323231246739
-1.8938712049428132
-1.9517580039986073
-1.6035715837776072
-1.6944299087261832
-1.4180457100067083
-1.5042048272916826
-1.1349340679973137
-1.4747243759041182
-1.5310116867304402
-1.1684280339197108
-1.577766859279429
-1.6129698310323821
-1.3258390394893738
-1.1295665728949418
-0.8470946522092542
-1.2628333774840792
-1.5849964494742843
-1.5803375786169638
-1.8385376701452365
-2.0166260295484673
-1.6823875507012955
-2.131130320796999
-1.9405876422295683
-1.9405876422295683
-2.0846623548165426
-2.4078420628912878
-2.449444934559346
-2.097992908255421
-2.185780310016074
-2.0598897046203013
-1.973690250529046
-2.049638667897067
-1.6981866415931413
-2.0111700900611877
-1.6439275663931365
-1.6150868363292794
-1.6528458716698982
-1.7572294329523552
-1.5384332861600676
-1.2780342676997205
-0.9558711957095153
-1.2141612571886666
-1.1445579626192162
-1.1445579626192162
-0.8681737638997413
-0.8728326347570619
-1.196012342831807
-1.268803658619622
-1.5121838125182179
-2.4502574088280933
-2.392370609772299
-2.292880939048446
-2.662322389648571
-2.29507986598052
-2.662322389648571
-2.4899638182723423
-2.819543426262192
-2.410204600902474
-2.353917290076152
-2.716500942886882
-2.5259582643194514
-2.5323581642345565
-2.781729920436947
-3.103892992427152
-3.3001654590215845
-3.21400634173661
-2.844735582442242
-2.9308946997272165
-2.705698653019822
-2.896241331587253
-3.2655120908816215
-2.925721782974817
-2.66532276451447
-2.855865443081901
-2.711790730494926
-2.3886110224201818
-2.347008150752122
-2.6984601770560466
-2.7547474878823692
-2.478363289162895
-2.2820908225684624
-2.2532500925046053
-2.236071080837869
-1.314593644049798
-1.6605811373387236
-1.8568536039331556
-1.4896110802651052
-1.2071391595794183
-1.6164779849391364
-1.6580808566071958
-1.9239566177710785
-1.6656665562919275
-1.718765845899885
-1.4817855919163958
-1.827773085205321
-1.7369147602567452
-1.3743311074460158
-1.4207990734264724
-1.1774189195278766
-0.8949469988421891
-0.935654786231246
-1.305096236831371
-0.9378537131633202
-1.305096236831371
-1.3004373659740498
-1.2822532587828481
-1.177869697500391
-1.5407405568796537
-1.194753063590728
-1.280912180875702
-1.0557161341683081
-1.096423921557365
-1.2156832033256366
-0.8464124440312679
0.005461698187352315
0.038561862670649816
-0.3307088966237186
0.11803387347198524
-0.29770485180283957
-0.10716217323540873
0.036912539351565715
-0.11233508998780754
-0.15393796165586673
0.19751406464805818
0.12623066784889886
-0.09256547894338886
-0.12776845069634163
-0.12776845069634202
0.016306261890632598
-0.023097682845352435
0.05921297621176394
-0.3094180617588975
-0.631581133749103
-1.2070710772482485
-1.309826354055027
-1.2916422468638251
-1.3310461915998104
-1.2487355325426943
-1.248735532542694
-1.242335632627588
-0.3208581958395169
-0.20970680671854336
-0.32896608848681513
-0.3289660884868151
0.019220331734184443
-0.15313823964204518
-0.4113383311703177
-0.3648703651898616
-0.44081878255788176
-0.35850812350076555
-0.7271391614714271
-0.3993005825393616
-0.3971016556072876
-0.3971016556072875
-0.034518002796557895
-0.22506068136398874
-0.22506068136398877
-0.080985968777014
-0.3391860603052869
0.07655266496953801
0.6850466532895623
0.7673573123466787
0.848857558774332
0.6054774048757364
-0.3325961914341391
-0.04251664784269216
0.3619570832046297
0.2818453510795873
0.3633455975072407
0.2589620362247835
0.4777581830170714
0.7381572014774181
0.6974494140883611
0.34599738778443606
0.6424768312909891
0.45193415272355814
0.4519341527235581
0.8205651906942198
0.9986535500974505
0.9579457627083935
0.8756351036512773
0.8756351036512768
1.244905862945645
1.820395806444791
2.171847832748716
2.3327571804852094
2.0426776368937625
1.7822786184334165
1.9728212970008463
1.972821297000847
0.9485885834059984
0.906985711737939
1.357927408765717
0.9485885834059984
0.906985711737939
1.0097409885447173
1.158988617884091
1.2317799336719066
0.9384575917455584
0.6598744660940096
0.7460335833789835
0.5272374365866961
0.4920344648337428
0.7791652563767514
0.4119227327087004
0.5842813040849301
0.5660971968937283
0.4617136356112705
0.6805097824035582
0.715712754156512
-0.308519959438338
-0.5689189778986851
-0.6039512583458817
-0.6901507124371371
-0.5857671511546796
-0.8045632979469677
-0.8397662696999209
-0.18416459407573305
-0.14640555873511457
-0.04202199745265729
-0.26081814424494515
-0.3024210159130045
-0.5682967770768877
-0.3959382057006586
-0.639318359599254
-0.5531592423142799
-0.7783552890216738
-0.7312476017175107
-1.0183783932605188
-1.3008503139462069
-1.4789386733494374
-1.0695998479897186
-1.0343968762367655
-1.9771293434039618
-2.2424222524229127
-2.5474063127463817
-2.580506477229679
-2.355310430522285
-2.464352862662063
-2.7939324706519137
-2.6033897920844833
-2.5969898921693764
-2.6793005512264925
-2.310669513255832
-2.3513773006448884
-2.4541325774516674
-2.384584059998753
-2.1523913154630994
-1.8474072551396303
-1.9170105497090817
-1.8308110956178267
-1.6815634662784533
-1.7458501652493525
-2.0117259264132357
-1.6444834027451853
-1.8168419741214146
-1.7986578669302127
-1.8383490182347306
-2.07532927221822
-2.353912397869769
-1.905169627774065
-1.0714795927466467
-1.0151922819203243
-0.7615610912984935
-0.5011620728381465
-0.3230737134349154
-0.7388124387097403
-1.353706326944872
-1.0220239116853658
-0.843935552282135
-1.0344782308495661
-1.0280783309344599
-0.7622025697705769
0.08967157244804291
0.36825469809959244
1.306328294409468
1.4672376421459623
1.1542541936779158
1.521496717345967
1.4353376000609928
1.6605336467683867
1.2511948214086681
1.215991849655715
2.1587243168229113
2.191824481306208
2.1918244813062087
2.278023935397463
1.9484443274076122
2.0574867595473902
2.3870663675372423
2.565154726940473
2.5180470396363095
2.149416001665647
1.9713276422624166
2.012035429651472
2.1147907064582525
2.1541946511942376
1.8027426248903116
1.6418332771538169
1.5855459663274956
1.49934651223624
1.5688950296891542
1.3367022851535009
1.424489686914154
1.385085742178168
1.8360274392059472
2.0141157986091778
2.9918805462235714
3.1709740011512677
3.4495571268028162
4.025047070301961
3.1035696335138887
3.0869734739920855
2.9377258446527104
2.6773268261923646
2.718034613581422
2.837293895349693
2.837293895349693
2.4891074751286935
2.4602667450648363
2.563022021871614
2.319641867973019
2.1233694013785867
1.271495259159967
0.9067126794171634
0.29181879118203236
0.059626046646378966
0.0033387358200568096
0.003338735820056754
0.0033387358200568373
0.003338735820056782
0.37196977379071866
0.3248620864865553
-0.33073958913763224
-0.08136783293524259
-0.046335552488045634
0.23004864623142895
0.5125205669171167
0.6906089263203473
0.6435012390161841
0.27487020104552246
0.09678184164229191
0.14324980762274817
0.03886624634029098
-0.17992990045199664
-0.09214249869134414
-0.1315464434273291
0.3193952536004489
0.210352821460671
0.25004397276518836
0.3544275340476449
0.13563138725535812
0.20691478405451608
0.4321108307619101
0.10427225182984526
0.10207332489777163
-0.26655771307289045
-0.8750517013929144
-0.857872689726178
-1.2273141403263028
-1.911756546014348
-1.8952525410528545
-1.57207283297811
-1.6598602347387625
-1.6780443419299642
-1.7475928593828782
-1.7640968643443713
-2.0872765724191162
-1.9994891706584634
-2.1487367999978373
-2.0609493982371845
-2.042765291045983
-2.024581183854781
-1.7812010299561853
-1.7858599008135063
-1.7464559560775212
-1.4970841998751312
-1.5435521658555875
-1.5829561105915728
-1.4802008337847943
-1.7235809876833899
-1.752421717747247
-2.001793473949637
-1.954685786645474
-2.323316824616136
-1.9890783457689638
-2.437821115864668
-2.615909475267898
-2.7939978346711287
-2.9720861940743593
-2.9256182280939034
-3.0300017893763598
-2.6671309299970973
-2.6340307655138
-2.408834718806406
-2.517877150946184
-2.8410568590209286
-2.876259830773881
-1.9335273636066852
-1.9004271991233876
-1.9004271991233872
-1.9004271991233872
-1.6816310523310996
-1.994614500799146
-1.7363244393199952
-1.8336151831117735
-1.3826734860839958
-1.7169119649311675
-1.9131844315256
-1.822326106577024
-2.0759572971988542
-2.0046739003996956
-1.9982740004845887
-2.1010292772913677
-2.226919882687141
-2.480551073308971
-2.536838384135293
-2.1742547313245635
-2.2832971634643413
-2.134049534124968
-2.2053329309241274
-2.2053329309241274
-1.9801368842167335
-2.3958756094915583
-2.0616371306443866
-2.51037990074009
-2.463272213435927
-2.4632722134359266
-2.6820683602282145
-2.7383556710545363
-2.8245551251457917
-2.755006607692877
-2.4233241924333706
-2.7575626712805423
-2.6714035539955687
-2.896599600702962
-2.4872607753432434
-2.558544172142403
-2.333348125435009
-2.1552597660317785
-1.8330966940415743
-1.9192558113265483
-2.1380519581188357
-2.0667685613196767
-2.0667685613196762
-2.0667685613196767
-1.8131373706978464
-1.8774240696687456
-2.550204756959669
-2.5502047569596695
-2.6942794695466437
-2.712463576737846
-3.0356432848125903
-2.72905973625965
-2.949590762398183
-3.2545748227216516
-3.6193574024644555
-3.2851189236172837
-3.0888464570228518
-2.89257399042842
-2.610102069742733
-2.8006447483101633
-2.800644748310163
-2.71914450188251
-2.679453350577992
-2.7191445018825093
-2.4258221599561614
-2.4236232330240877
-2.423623233024087
-2.5910549695546625
-2.6241551340379607
-2.405358987245673
-2.3701560154927193
-2.0015249775220587
-2.048632664826221
-1.9671324183985686
-2.2967120263884193
-2.106169347820988
-2.106169347820989
-1.7368985885266197
-1.4544266678409319
-1.782265246772998
-1.7844641737050724
-1.865964420132725
-1.7615808588502677
-1.5363848121428738
-1.9457236375025928
-1.6556440939111456
-1.9686275423791921
-2.1649000089736243
-2.447371929659312
-2.256829251091881
-2.256829251091881
-2.4009039636788554
-2.3678999188579763
-2.4494001652856294
-2.598647794625003
-2.534361095654103
-2.885813121958028
-2.814529725158869
-2.6704550125718947
-2.6522709053806928
-2.322691297390842
-2.6505298763229077
-2.429998850184375
-2.0255251191370536
-2.030183989994374
-1.997179945173495
-1.3415782695493073
-1.259267610492191
-1.259267610492191
-1.259267610492191
-1.2656675104072974
-1.2279084750666787
-1.1235249137842218
-0.7542541544898529
-1.0940444623966574
-1.1292474341496106
-1.1292474341496102
-1.2154468882408658
-0.8858672802510146
-0.2709733920158841
-0.6026558072753905
-0.5619480198863334
-0.47963736082921693
-0.19250656928620846
-0.27866568657118224
-0.05346963986378844
-0.2440123184312195
-0.25041221834632565
-0.16810155928920922
-0.1681015592892094
-0.44448575800868406
-0.35832664072371023
-0.35832664072371023
-0.5835226874311041
-0.39298000886367274
-0.3865801089485668
-0.4078351393276919
-0.1314509406082174
-0.21761005789319188
-0.217610057893192
-0.2176100578931917
0.14526080148607007
0.04797005769429161
0.1672293394625633
0.39242538616995737
0.3453176988657939
0.4268179452934473
0.5760655746328208
0.7369749223693149
0.9973739408296619
1.6058679291496865
1.8758197090259583
1.6387846779259325
1.5276332888049589
1.8970747394050838
1.529832215737033
0.6779580735184129
0.6757591465863386
0.30712810861567724
0.3535960745961333
0.030416366521388488
-0.042374949266426626
0.21582514226184607
0.16871745495768303
0.5373484929283447
0.203110014081173
0.5703525377492237
0.5656936668919026
0.23611405890205223
-0.37877982933307863
-0.37877982933307863
-0.37877982933307863
-0.4782695000569316
-0.7276412562593215
-0.31830243089960264
-0.2830994591466497
0.08553157882401198
-0.2423070001080534
-0.35345838922902706
-0.3322033588499017
-0.3322033588499016
0.030380293960828114
-0.07866213817894963
0.07058549116042387
-0.017201910600228743
-0.34678151859007944
-0.2377390864503015
-0.6400138905655494
-0.19127112046984532
0.6424189145575732
0.5711355177584136
0.2082646583791515
-0.057028250639799744
0.014255146159359675
-0.21094090054803416
-0.1638332132438715
0.12329757829913739
0.15213830836299438
0.16931732002973088
0.7426083365968023
-0.16236509522977544
-0.4673491555532445
-0.12136166226431869
-0.4611519701711234
-0.7215509886314708
-0.3873125097842986
-0.19104004318986606
-0.558282566857917
-0.1095397967622129
-0.15600776274266917
0.17357184524718144
0.49573491723738694
0.04699214714168293
0.09409983444584619
0.09409983444584634
0.09409983444584627
0.09409983444584623
0.09409983444584616
0.18029928853710142
0.11075077108418732
0.44243318634369355
0.114594607411628
0.2118853512034067
0.0926260694351349
0.09262606943513496
0.09262606943513504
0.0926260694351352
0.09262606943513504
-0.16100512118669533
-0.21729243201301773
-0.3034918861042729
-0.7057666902195207
-0.7011078193621998
-0.6251594019941793
-0.3592836408302961
0.5787899554795792
0.8391889739399263
1.1613520459301312
0.7126092758344278
-0.26515547177996535
0.06432801654746706
0.09936029699466373
0.18555975108591882
0.44375984261419177
0.2532171640467609
0.24681726413165447
0.32912792318877104
-0.03950311478189075
-0.21759147418512131
-1.05128150921254
-0.7548020657059866
-0.4326389937157812
-0.5127507258408235
-0.4312504794131704
-0.28200285007379655
-0.57848229358035
-0.9006453655705553
-0.6423553040914041
-0.9718387924188363
-0.781296113851405
-0.7876960137665114
-0.8048750254332478
-0.35393332840546976
-0.6881718072526418
-0.9706437279383291
-0.6364052490911574
-1.0851480191868617
-0.9761055870470834
-0.9579214798558815
-0.8883729624029675
-1.2365593826239674
-1.2319005117666462
-1.4901006032949193
-1.0807617779352003
-1.0391589062671414
-0.4658678897000701
-0.38355723064295366
-0.46505747707060646
-0.3606739157881495
0.002196943591112749
0.01879310311291718
0.058484254417434794
0.38806386240728563
0.3409561751031225
0.34095617510312254
-0.6832765384917268
-0.7184795102446799
-0.06287783462049212
0.039877442186286166
0.07956859349080397
-0.17863149803746886
-0.06958906589769118
0.16739118808579817
-0.16209230024163387
0.25364642503319107
0.8685403132683216
0.5203538930473223
0.6927124644235515
0.5883289031410945
0.8071250499333822
0.7428383509624824
0.47696258979859907
0.5570743219236415
0.47557407549598846
0.3263264461566148
0.616405989748062
0.9213900500715307
0.6843550189715047
0.9048860451100375
0.8170986433493849
0.4939189352746403
0.5518057343304338
0.5518057343304339
0.8389365258734424
1.1214084465591299
0.7056697212843053
0.7521376872647609
0.9013853166041345
0.830101919804975
0.8301019198049748
1.0787986693021219
1.0953948288239261
1.2446424581633
1.1867556591075064
1.1867556591075061
0.1625229455126576
-0.09787607294768959
0.31146275241202936
0.2401793556128699
0.021383208820582297
0.10917061058123483
0.06947945927671692
-0.00646895809130324
-0.02364796975803965
-0.04082698142477614
0.41011471560300183
0.07587623675583002
-0.8621973595540455
-0.549213911085999
-0.6353730283709731
-0.7794477409579479
-0.7976318481491496
-1.034612102132639
-0.9815128125246814
-0.9485087677038027
-1.891241234870999
-1.9078373943928033
-1.664457240494208
-1.3819853198085201
-1.4226931071975775
-1.405514095530841
-1.5082693723376197
-1.5476733170736046
-1.428414035305333
-1.428414035305333
-1.6472101820976208
-1.8081195298341148
-1.4951360813660681
-1.7534261428452198
-1.770022302367024
-1.4404426943771726
-0.8255488061420422
-1.1572312214015488
-1.479394293391754
-1.7618662140774415
-1.3525273887177232
-0.948053657670401
-0.9192129276065438
-0.6698411714041536
-0.9976797503362195
-1.1767732052639155
-1.1933693647857198
-1.486691706712068
-1.498353425109189
-1.8300358403686958
-1.639493161801264
-1.6394931618012636
-1.6330932618861576
-1.6708522972267759
-1.6890364044179775
-1.7934199657004346
-1.64934525311346
-1.5797967356605458
-1.5797967356605456
-1.5797967356605453
-1.9279831558815452
-1.5607406322134942
-0.622667035903619
-0.9191464794101718
-0.7286038008427413
-0.365732941463479
-0.1866394865357833
-0.25624278110523424
-0.08881104457465908
-0.18610178836643762
-0.14834275302581917
-0.1880339043303369
-0.43141405822893253
-0.6276865248233648
-0.9101584455090526
-0.8694506581199954
-0.41850896109221736
-0.8278477864519362
-0.5377682428604891
-0.6255556446211417
-0.7299392059035992
-0.7299392059035987
-0.9551352526109924
-0.6208967737638209
-0.6255556446211418
-0.9551352526109926
-1.788825287638411
-1.4987457440469638
-1.4259544282591483
-1.1027747201844038
-1.409358268737344
-1.774140848480148
-1.733433061091091
-1.982804817293481
-1.6549662383614154
-1.7245695329308663
-1.4709383423090356
-1.066464611261714
-1.3247546727408652
-1.271655383132908
-1.3760389444153651
-1.1572427976230775
-1.470226246091124
-1.3793679211425478
-1.2119361846119725
-1.178836020128675
-1.1788360201286745
-1.1724361202135685
-1.523888146517494
-1.4660013474617004
-1.2173045979645534
-1.314595341756332
-1.8878863583234033
-1.6385146021210129
-1.4604262427177828
-1.7882648216498485
-1.799926540046969
-1.7834225350854755
-1.9326701644248494
-1.874783365369056
-1.5431009501095492
-0.5653362024951563
-0.28675307684360785
0.5651210653750124
0.581717224896817
0.2585375168220722
0.22333454506911898
0.2233345450691187
0.22973444498422524
0.12697916817744642
0.4565587761672978
0.6346471355705284
1.4683371705979469
1.5035401423509
1.790670933893908
2.073142854579596
2.9068328896070135
2.6002493410540737
2.9297328293815057
2.520394004021787
2.8333774524898336
3.1158493731755215
3.075141585786464
3.0373825504458463
3.0767864951818304
3.3426622563457147
3.0843721948665626
3.082173267934489
3.000673021506836
3.018857128698038
3.3420368367727824
3.0354532882198417
3.0188571286980377
2.8929665233022646
2.6393353326804343
2.935814776186988
2.8267723440472103
2.5833921901486145
3.032134960244319
2.6227961348846
2.461886787148105
2.300977439411611
2.2593745677435524
2.242195556076816
1.992823799874426
2.3270622787215975
1.987271970814793
1.9144806550269775
1.8962965478357758
1.659316293852286
1.294533714109482
0.4608436790820636
0.42564070732910997
-0.5170917598380863
-0.5336879193598909
-0.4293043580774341
-0.6545004047848277
-0.46395772621739667
-0.46395772621739667
-0.09532668824673542
-0.14243437555089844
-0.14243437555089838
-1.085166842718094
-1.4499494224608986
-1.4028417351567348
-0.7472400595325472
-1.3205310760996185
-1.4232863529063973
-1.825561157021645
-1.653202585645416
-1.8965827395440118
-2.179054660229699
-2.5012177322199043
-2.4965588613625833
-2.8988336654778304
-3.1813055861635178
-2.8534670072314525
-3.182950495558884
-2.7736116701991658
-2.612702322462672
-2.902781866054119
-2.596198317501179
-2.5630981530178816
-2.193827393723513
-2.2799865110084863
-2.505182557715881
-2.1773439787838145
-2.246947273353266
-2.246947273353266
-1.2227145597584166
-1.3105019615190692
-1.414885522801526
-1.6336816695938137
-1.5693949706229142
-1.6886542523911858
-2.0579250116855543
-1.71813470377875
-1.4131506434552807
-1.4827539380247319
-1.568953392115987
-1.4645698308335302
-1.2457736840412428
-1.558757132509289
-1.3004670710301376
-1.2838709115083333
-1.3882544727907904
-1.1630584260833965
-1.2721008582231743
-1.3480492755911944
-1.365228287257931
-1.614600043460321
-1.7926884028635515
-1.6836459707237736
-1.3604662626490291
-1.6734497111170752
-2.3578921168051203
-2.357892116805121
-2.35789211680512
-1.988621357510751
-2.0794796824593273
-2.0794796824593273
-1.825848491837497
-1.5208644315140278
-1.4877642670307298
-1.1184935077363614
-0.18041991142648683
-0.4704994550179334
-0.3992160582187743
-0.39281615830366795
-0.3756371466369312
-0.4948964284052035
-0.494896428405203
-0.4948964284052035
-0.5012963283203091
-0.39854105151353103
-0.2492934221741575
-0.5558769707270976
-0.5724731302489021
-0.6118770749848874
-1.1851680915519585
-1.2064231219310835
-1.120223667839828
-1.2246072291222851
-1.449803275829679
-1.0340645505548545
-1.080532516535311
-1.0045840991672907
-1.3560361254712157
-1.2682487237105633
-1.1638651624281062
-0.9450690156358188
-0.9034661439677593
-1.006221420774538
-0.9302730034065174
-0.6643972422426344
-0.3819253215569465
-0.7976640468317717
-0.6886216146919935
-0.6126731973239732
-0.8826249772002454
-0.8295256875922876
-0.9339092488747447
-0.7087132021673508
-1.1180520275270696
-0.8050685790590231
-1.0633586405381745
-1.3419417661897235
-1.2557826489047494
-1.2621825488198555
-0.9922307689435833
-1.0453300585515413
-0.9757815410986268
-1.2079742856342803
-1.2807656014220958
-1.5241457553206912
-2.376019897539311
-2.046536409211879
-2.23707908777931
-2.462275134486704
-2.4151674471825406
-2.3336672007548875
-2.570647454738377
-2.6037476192216746
-2.822543766013962
-2.509560317545916
-2.767850379025067
-2.698247084455616
-2.4446158938337863
-2.734695437425233
-2.769898409178186
-2.4827676176351776
-1.6308934754165578
-1.2661108956737537
-1.375153327813532
-1.3421492829926525
-1.2606490365649998
-1.3365974539330199
-1.2173381721647483
-0.9985420253724606
-0.7381430069121134
-1.065981585844179
-1.4307641655869834
-1.240221487019552
-1.4654175337269462
-1.418309846422783
-1.4183098464227826
-1.3368095999951297
-1.4411931612775866
-1.447593061192693
-1.0781516105925677
-0.8818791439981355
-0.5994072233124476
-0.6465149106166108
-0.646514910616611
-0.8717109573240045
-0.7626685251842267
-0.5192883712856313
-0.23681645059994316
-0.27752423798900067
-0.6289762642929257
-0.3324968207863728
-0.6603353997184381
-0.3308519113910059
-0.00868883940080055
-0.18104741077702974
0.06233274312156578
-0.017778989003476534
0.0637212574241767
0.045537150232974916
-0.284042457756876
0.050196021090296
-0.04066230385828026
-0.04066230385828021
0.18453374284911364
0.13742605554495024
0.055925809117297554
0.2929060631007865
0.07237503696225392
0.36885448046880653
-0.04688424480601769
-0.22497260420924847
-0.833466592529273
-0.915777251586389
-0.9157772515863893
-1.1921614503058637
-1.187502579448543
-1.1179540619956292
-0.7862716467361229
-0.8269794341251795
-1.2779211311529577
-1.1688786990131799
-1.064495137730723
-0.8392990910233289
-0.6612107316200982
-1.0769494568949232
-1.3991125288851287
-1.3082542039365523
-1.2220547498452974
-1.5452344579200419
-1.5804374296729955
-1.580437429672995
-1.5804374296729955
-1.949068467643657
-1.7585257890762263
-1.7585257890762263
-1.9026005016632006
-2.2321801096530516
-2.4102684690562817
-2.5883568284595126
-2.1790180030997943
-2.49200145156784
-2.4873425807105196
-2.8896173848257667
-3.172089305511454
-2.7627504801517357
-2.827037179122635
-2.7447265200655186
-1.801994052898323
-1.8550933425062803
-1.8947844938107983
-2.224364101800649
-1.8965255228685838
-1.8634253583852858
-2.0886214050926797
-2.26670976449591
-2.220241798515454
-2.4572220524989437
-2.2366910263604107
-2.533170469866964
-2.342627791299533
-2.3426277912995332
-2.342627791299533
-2.342627791299533
-2.342627791299533
-2.175196054768958
-1.9099031457500069
-1.8683002740819474
-1.2950092575148757
-1.2126985984577598
-1.2126985984577598
-1.2126985984577598
-1.3567733110447346
-1.6863529190345856
-1.6456451316455287
-1.526385849877257
-1.5263858498772562
-1.6125853039685119
-1.7384759093642848
-1.738475909364285
-1.7448758092793912
-2.0107515704432743
-2.2932234911289617
-1.877484765854137
-1.6993964064509066
-0.865706371423488
-0.4612326403761663
-0.5473917576611405
-0.5473917576611403
-0.3285956108688526
-0.38648240992464633
-0.13778566042749935
-0.10468549594420176
0.03938921664277299
0.14377277792522986
0.14377277792523008
-0.08841996661042348
-0.49289369765774516
-1.17733610334579
-1.1773361033457899
-1.0332613907588155
-0.9288778294763582
-1.147673976268646
-1.0763905794694864
-1.2204652920564616
-1.238649399247663
-1.1989582479431455
-1.3248488533389184
-1.578480043960749
-1.5071966471615899
-1.2820006004541955
-1.103912241050965
-1.51965096632579
-1.697739325729021
-1.369900746796955
-1.258749357675982
-1.6102013839799072
-2.0146751150272286
-2.952748711337103
-3.2131477297974493
-3.1666797638169935
-3.2710633250994503
-3.2710633250994503
-3.271063325099451
-3.2710633250994503
-2.939380909839944
-2.9858488758204005
-2.8814653145379436
-2.518594455158681
-2.25330154613973
-2.5433810897311773
-2.230397641263131
-2.2350565121204515
-2.5646361201103023
-2.742724479513533
-3.351218467833557
-3.433529126890673
-3.064898088920012
-2.886809729516781
-3.214648308448847
-3.4799412174677977
-3.7849252777912663
-3.818025442274564
-3.59282939556717
-3.4147410361639396
-3.7425796150960053
-3.6894803254880477
-3.2872055213728
-3.5454955828519514
-3.324964556713419
-3.064565538253072
-3.2551082168205023
-3.399182929407477
-3.503566490689934
-3.359491778102959
-3.4853823834987328
-3.2317511928769025
-3.1589598770890874
-3.054576315806631
-3.1986510283936056
-3.4420311822922014
-3.7245031029778883
-3.533960424410458
-3.308764377703064
-3.6366029566351292
-4.001385536377933
-3.592046711018214
-3.5192553952303993
-3.414871833947942
-3.4148718339479425
-3.414871833947942
-3.414871833947942
-3.2707971213609675
-2.9412175133711163
-3.269056092303182
-3.547639217954731
-3.3752806465785015
-3.226033017239128
-3.184430145571069
-3.5358821718749938
-3.4645987750758342
-3.4709986749909403
-3.2010468951146684
-3.1679467306313716
-2.9491505838390832
-3.2456300273456367
-3.2049222399565793
-3.122611580899463
-3.122611580899463
-3.204111827327116
-3.099728266044659
-2.9556535534576844
-2.6324738453829393
-2.597270873629986
-2.884401665172995
-2.8797427943156735
-2.861558687124472
-2.900962631860457
-2.8632035965198384
-2.7872551791518183
-2.8695658382089344
-2.500934800238273
-2.178771728248068
-1.8962998075623805
-1.0626097725349621
-0.9898184567471473
-1.1390660860865216
-1.067782689287362
-0.842586642579968
-0.5204235705897627
-0.6927821419659919
-0.3696024338912469
-0.44088583069040616
-0.4408858306904065
0.5018466364767897
0.5349468009600875
0.5349468009600875
0.8666292162195938
0.7575867840798158
0.653203222797359
1.022473982091728
1.3049459027774153
1.195903470637638
0.8663238626477869
0.9753662947875648
1.2123465487710543
1.159247259163097
1.009999629823723
0.9747966580707703
0.9747966580707697
1.1935928048630573
1.235195676531117
0.965243896654845
0.9321437321715471
0.7133475853792597
0.7846309821784188
0.5658348353861313
0.5242319637180723
0.2748602075156818
0.6841990328754006
0.944598051335748
0.7540553727683166
0.7604552726834231
0.3095135756556448
0.643752054502817
0.9262239751885041
1.1043123345917345
1.7192062228268656
1.702702217865372
1.7357062626862516
1.4485754711432433
1.1661035504575556
0.8439404784673499
0.8150997484034924
-0.10637768838457856
-0.13947785286787628
0.07931829392441142
0.3397173123847584
-0.07602141289006661
-0.2541097722932972
-0.06356709372586625
-0.2823632405181539
-0.35515455630596937
-0.68473416429582
-1.299628052530951
-1.3161320574924442
-1.3856805749453582
-1.4851702456692106
-1.215218465792939
-1.182118301309641
-1.407314348017035
-1.3666065606279778
-1.3288475252873593
-1.3685386765918774
-1.3867227837830791
-1.6237030377665684
-1.6568032022498664
-1.8008779148368412
-2.1304575228266915
-1.7211186974669737
-1.7790054965227668
-2.1271919167437656
-2.122533045886445
-1.7993533378117008
-1.87063673461086
-1.6518405878185725
-1.4909312400820782
-1.4493283684140192
-0.5443549365874414
-0.8344344801788881
-0.8696374519318413
-0.8696374519318415
-1.0948334986392354
-0.9042908200718036
-0.9042908200718041
-0.9042908200718044
-1.1914216116148129
-2.129495207924687
-1.816511759456641
-1.8966234915816829
-0.9538910244144871
-0.9207908599311891
-0.5579200005519274
-0.4467686114309538
-0.18089285026707125
-0.1855517211243919
-0.25510023857730624
-0.35458990930115875
-0.25183463249438043
-0.1025870031550068
-0.17387039995416614
-0.3179451125411405
-0.27825396123662294
0.044925746838121616
0.08652861850618093
0.06527358812705572
0.0652735881270555
0.06527358812705542
-0.1834231613700908
-0.1303238717621337
0.018923757577239936
-0.28765979097570044
0.04182369735173189
0.3639867693419376
0.19162819796570818
0.20981230515691013
0.5329920132316546
0.6057833290194705
0.5660921777149523
0.2429124696402079
0.3007992686960014
0.3173032736574946
0.4216868349399512
0.058815975560689265
0.388299463888121
0.06046088495605592
-0.11863256997164032
-0.48341514971444377
-1.098309037949575
-1.1148130429110683
-1.358193196809664
-0.9094504267139598
-1.099993105281391
-1.0999931052813907
-1.099993105281391
-1.3871238968243993
-1.2962655718758231
-1.2100661177845682
-1.5396457257744192
-1.7177340851776497
-2.551424120205068
-2.6242154359928827
-2.8611956899763724
-3.139778815627921
-3.1686195456917785
-2.7991780950916536
-2.7703373650277965
-2.75315835336106
-2.8559136301678385
-2.7799652127998185
-2.8992244945680894
-2.536353635188827
-2.50325347070553
-2.722049617497817
-2.75725258925077
-2.4701217977077614
-2.4412810676439047
-2.7112328475201766
-2.365245354231251
-2.4561036791798276
-2.7097348698016575
-2.6219474680410055
-2.8801475595692776
-3.202310631559483
-2.7535678614637797
-2.575479502060549
-2.616187289449606
-2.3668155332472165
-2.3317832528000197
-2.245583798708765
-2.315132316161679
-2.3316363211231725
-2.43601988240563
-2.291945169818655
-2.5501452613469278
-2.5851775417941245
-2.5851775417941245
-2.498978087702869
-2.822157795777614
-2.734370394016961
-2.4909902401183652
-2.858232763786416
-2.5184424558796112
-2.606229857640264
-2.84961001153886
-2.844951140681539
-2.607970886698049
-2.6775741812675
-2.3149905284567707
-2.1369021690535397
-2.3274448476209706
-2.183370135033995
-2.1651860278427937
-1.9282057738593046
-2.1487367999978373
-2.190339671665896
-2.2075186833326326
-2.456890439535023
-2.2663477609675917
-2.2663477609675917
-2.2663477609675917
-2.2663477609675913
-1.9346653457080851
-2.043707777847863
-2.0107037330269835
-2.297834524569992
-2.4941069911644242
-2.4032486662158483
-2.512201128404748
-2.242249348528476
-2.2091491840451796
-1.9839531373377852
-2.174495815905216
-1.8052250566108479
-2.172467580278898
-2.4549395009645854
-2.414231713575529
-2.431410725242265
-2.3936516899016467
-2.375467582710445
-2.524715212049818
-2.4369278102891654
-2.3325442490067094
-2.332544249006709
-2.107348202299315
-1.78518513030911
-1.8760434552576857
-1.876043455257686
-1.6224122646358556
-1.7101996663965082
-2.0397792743863588
-1.7119406954542937
-1.9324717215928264
-1.625888173039886
-1.6789874626478438
-1.3558077545730989
-1.645887298164546
-1.3393037496116056
-1.6852912429005311
-1.9677631635862187
-1.7772204850187878
-1.7772204850187878
-1.7772204850187876
-1.9960166318110752
-1.924733235011916
-2.2876040943911784
-2.4666975493188747
-2.413598259710917
-2.517981820993374
-2.743177867700768
-2.3274391424259426
-2.7367779677856614
-2.7719809395386146
-2.4848501479956058
-2.5649618801206486
-2.6464621265483013
-2.772352731944074
-2.858552186035329
-2.789003668582415
-3.0377004180795617
-3.070800582562859
-3.077200482477965
-2.72574845617404
-2.690545484421087
-2.403414692878078
-2.4080735637353996
-2.731253271810144
-2.892162619546638
-2.8208792227474784
-2.820879222747479
-2.6020830759551914
-2.3416840574948443
-2.532226736062275
-2.3134305892699873
-2.278227617517034
-2.278227617517034
-2.3597278639446873
-2.1163477100460915
-2.087506979982235
-2.190262256789013
-2.0858786955065574
-2.4487495548858185
-2.395650265277862
-2.7188299733526056
-2.647546576553448
-2.647546576553446
-2.6475465765534483
-2.866342723345734
-2.7785553215850833
-2.4553756135103377
-2.1949765950499907
-1.3612865600225723
-1.449073961783225
-1.4672580689744268
-1.2090579774461543
-1.2555259434266104
-1.2373418362354085
-1.0003615822519187
-0.6355790025091149
-0.7446214346488929
-0.7116173898280138
-0.7116173898280136
-0.9368134365354079
-0.8897057492312446
-1.2583367872019062
-0.8425980619270814
-0.5204349899368758
-0.23796306925118832
-0.647301894610907
-0.3343184461428605
-0.3389773170001814
-0.662157025074926
-0.5978703261040264
-0.6801809851611426
-0.9673117767041512
-0.9626529058468303
-0.8582693445643734
-0.8582693445643734
-0.8582693445643734
-0.8582693445643734
-1.077065491356661
-1.4815392224039827
-1.0327964523082789
-1.073504239697336
-1.1558148987544523
-1.524445936725114
-1.3339032581576828
-1.5590993048650768
-1.5119916175609136
-1.5119916175609134
-1.6560663301478882
-1.6163751788433705
-1.7422657842391434
-1.7422657842391436
-1.7422657842391436
-1.7358658843240373
-1.7736249196646559
-1.6243772903252824
-1.6956606871244413
-1.9144568339167292
-1.9496598056696826
-2.8923922728368785
-2.546404779547953
-2.3501323129535208
-2.7173748366215715
-2.2686320665258672
-2.4591747450932986
-2.452774845178192
-2.90371654220597
-2.569478063358798
-2.6495897954838403
-2.280958757513179
-2.47150143608061
-2.6966974827880037
-2.6502295168075474
-2.893609670706143
-2.9224504007700003
-2.939629412436737
-2.8203701306684654
-2.8203701306684654
-2.533239339125457
-2.6193984564104307
-2.844594503117825
-3.1667575751080297
-2.799515051439979
-2.8041739222973
-2.908557483579757
-3.0526321961667318
-2.794432104638459
-2.9849747832058893
-2.7597787364984954
-2.4376156645082903
-2.5177273966333322
-2.8048581881763406
-3.087330108862029
-3.040862142881572
-3.145245704164029
-2.926449557371741
-3.2229290008782945
-3.032386322310863
-2.669515462931601
-2.636415298448304
-2.4923405858613297
-2.162760977871479
-2.2718034100112567
-2.601383018001107
-2.4923405858613297
-2.7856629277876777
-2.565131901649145
-2.652919303409798
-2.8962994573083933
-2.8916405864510724
-2.9310445311870574
-3.1969202923509408
-3.1922614214936202
-3.594536225608867
-3.5083771083238933
-3.733573155031287
-3.324234329671568
-3.6372177781396147
-3.9196896988253025
-4.097778058228533
-3.682039332953708
-3.8725820115211387
-3.8725820115211387
-3.7051502749905634
-3.9256813011290963
-4.086590648865591
-4.015307252066432
-4.240503298773826
-4.193395611469661
-4.193395611469662
-4.337470324056637
-4.211579718660863
-4.211579718660864
-4.211579718660863
-3.8489960658501334
-3.526832993859928
-3.8940755175279786
-3.445332747432275
-3.492440434736438
-2.8368387591122506
-2.754528100055134
-2.836028346482787
-2.8757194977873053
-2.836028346482787
-2.7316447852003307
-2.73164478520033
-2.3999623699408237
-2.221874010537593
-2.549712589469659
-2.3291815633311264
-2.0687825448707793
-1.4602885565507548
-1.4390335261716292
-1.0764498733609003
-1.2669925519283314
-0.9041216925490696
-1.1246527186876023
-1.1809400295139243
-1.1809400295139243
-1.1809400295139239
-1.399736176306212
-1.311948774545559
-1.2075652132631023
-0.8382944539687336
-0.9244535712537079
-0.6992575245463135
-1.0270961034783792
-0.790061072378353
-0.7569609078950552
-0.7569609078950552
-0.7569609078950552
-0.675460661467402
-0.38213831954105393
-0.6026693456795869
-0.30618990217303377
-0.49673258074046484
-0.4967325807404648
-0.6408072933274395
-0.8841874472260352
-0.7980283299410611
-0.6539536173540867
-0.410573463455491
-0.8593162335511948
-0.5314776546191295
-0.5292787276870551
-0.5292787276870552
-0.24214793614404695
-0.6908907062397505
-0.868979065642981
-1.8467438132573748
-2.2115263930001783
-2.1650584270197224
-1.7627836229044747
-1.7674424937617952
-1.871826055044252
-1.8654261551291462
-2.316367852156924
-2.4944562115601547
-2.5294884920073515
-2.420536029818452
-2.8714777268462295
-3.705167761873646
-3.3921843134055996
-3.4722960455306415
-3.4722960455306424
-3.691092192322929
-3.394612748816377
-3.441080714796834
-3.422896607605632
-3.099716899530888
-3.1875043012915407
-2.9293042097632678
-3.1198468883306982
-3.489117647625067
-3.3167590762488377
-3.6463386842386885
-3.6813709646858848
-3.8488027012164605
-3.8819028656997583
-3.6567068189923644
-3.7038145062965273
-3.416683714753519
-3.67497377623267
-3.345490287905238
-3.761229013180063
-3.345490287905238
-3.454532720045016
-3.161210378118668
-3.2308136726881194
-2.8682300198773896
-3.0587726984448205
-3.2839687451522144
-2.8682300198773896
-2.9089378072664465
-2.991248466323563
-3.3598795042942244
-3.5379678636974545
-3.12222913842263
-3.312771816990061
-2.943501057695692
-3.0296601749806666
-2.6667893156014038
-2.7640800593931827
-2.394638608793058
-2.480797726078032
-2.8500684853724
-2.510278177465596
-2.249879159005249
-2.214846878558052
-2.214846878558052
-2.2148468785580526
-2.3589215911450276
-2.6885011991348775
-2.8665895585381085
-2.45725073317839
-2.296341385441896
-2.592820828948449
-2.402278150381018
-2.402278150381018
-2.4022781503810187
-2.1535814008838714
-2.4995688941727976
-2.3272103227965673
-2.2875191714920495
-2.2693350643008476
-2.1649515030183912
-2.0208767904314167
-2.0026926832402148
-1.8983091219577581
-2.123505168665152
-2.0827973812760945
-2.348673142439978
-2.344014271582657
-2.60221436311093
-2.411671684543499
-2.636867731250893
-2.309029152318827
-2.2973674339217065
-2.2808634289602137
-2.539063520488486
-2.123324795213662
-2.232367227353439
-2.1993631825325606
-1.5437615069083723
-1.5609405185751086
-1.109998821547331
-1.3005415001147618
-1.5257375468221557
-1.3351948682547248
-1.704465627549093
-1.2557228574533892
-1.5835614363854549
-1.7626548913131508
-2.1274374710559547
-1.7116987457811301
-1.3895356737909246
-1.3606949437270675
-1.443005602784184
-0.5002731356169874
-0.4980742086849138
-0.12944317071425182
-0.09441089026705461
0.159220300354776
0.07143289859412338
-0.16554735538936605
-0.3446408103170622
-0.3777409748003598
-0.15254492809296577
0.025543431310264667
-0.383795394049454
-0.5447047417859481
-0.4569173400252955
-0.4387332328340938
-0.33434967155163675
-0.10915362484424312
-0.2996963034116743
-0.4437710159986491
-0.18557092447037613
-0.3761136030378074
-0.1509175563304131
-0.19162534371947032
-0.2128803740985954
0.14970327871213468
0.04066084657235655
-0.06372271471010069
0.15507343208218705
0.19667630375024653
-0.15477572255367855
-0.22756703834149425
0.030633053186778725
-0.38510567208804636
-0.05086719324087424
-0.130978925365917
-1.155211638960766
-1.0973248399049724
-1.445511260125972
-1.359352142840998
-1.5034268554279728
-1.5216109626191745
-1.481919811314657
-1.5213237560506423
-1.4835647207100233
-1.2465844667265342
-0.9812915577075828
-0.9460885859546296
-1.3147196239252914
-1.2676119366211285
-1.2676119366211285
-1.2676119366211285
-1.2676119366211278
-1.2676119366211278
-1.2676119366211283
-1.2676119366211283
-0.9194255164001289
-0.7231530498056961
-0.5268805832112636
-0.613039700496238
-0.6194396004113436
-0.8853153615752272
-0.545525053668423
-0.6168084504675824
-0.3916124037601885
-0.5821550823276196
-0.35695903562022574
-0.7726977608950503
-0.7262297949145942
-0.43290745298824573
-0.7788949462771716
-0.6065363749009421
-0.8499165287995374
-1.1323884494852252
-1.0233460173454472
-1.0563500621663264
-0.11361759499913004
0.15167531401982118
0.19327818568788027
0.11096752663076405
1.1352002402256134
1.539673971272935
2.115163914772081
2.4666159410760056
2.153632492607959
1.8711605719222713
2.2868992971970967
2.2461915098080394
2.5120672709719227
2.5074084001146013
2.5470995514191186
2.565283658610321
2.894863266600172
2.854155479211115
3.759128911037693
3.452545362484752
3.4408836440876316
3.440883644087631
3.4408836440876316
3.215687597380237
3.0375992379770063
2.422705349741877
2.323215679018024
2.0573399178541405
2.0619987887114615
2.1315473061643755
2.1315473061643755
1.7629162681937138
1.440753196203509
1.5269123134884823
1.308116166696195
1.2518288558698725
1.360781318058772
1.241522036290501
1.2415220362905004
1.3230222827181537
1.079642128819558
1.4194324367263627
1.4757197475526855
1.3082880110221105
1.6542755043110353
1.8505479709054682
1.7596896459568923
1.8458891000481468
1.7415055387656901
1.5163094920582967
0.6826194570308777
0.3776353967074084
0.012852816964603914
0.053560604353661
-0.6192200829372626
-0.7187097536611156
-1.6236831854876932
-1.5593964865167933
-1.29352072535291
-1.298179596210231
-1.3741280135782512
-1.6400037747421343
-1.922475695427822
-1.957507975875019
-1.7038767852531884
-1.7751601820523477
-2.000356228759742
-2.322519300749947
-3.0069617064379925
-2.7582649569408453
-2.6471135678198716
-3.016555018419997
-2.5678122483242927
-2.389723888921062
-2.580266567488493
-2.5738666675733866
-1.9010859802824627
-1.8845819753209692
-1.5614022672462247
-1.6192890663020183
-1.7187787370258707
-1.6160234602190924
-1.4901328548233193
-1.1275492020125895
-1.318091880580021
-0.9552210212007586
-0.9530220942686843
-0.8715218478410316
-0.9474702652090522
-0.9262152348299263
-0.6498310361104515
-0.9081210975896032
-0.5621336043006775
-0.6529919292492535
-0.9293761279687283
-1.2118480486544163
-0.8776095698072441
-0.9684678947558202
-0.8822684406645653
-0.9004525478557667
-0.9186366550469687
-0.878945503742451
-0.7745619424599939
-0.7681620425448876
-0.7509830308781512
-1.1024350571820762
-0.8123555135906293
-1.1253389620586758
-1.1541796921225331
-1.1164206567819144
-1.265668286121288
-1.1778808843606354
-1.2175720356651532
-1.09168143026938
-1.0916814302693805
-1.0916814302693802
-0.8664853835619861
-0.5443223115717811
-0.8026123730509325
-0.814274091448053
-0.8142740914480531
-0.5271432999050446
-0.6072550320300869
0.04834664359410101
0.15110192040087964
0.07515350303285925
-0.8298199287937187
-0.7585365319945592
-0.7585365319945594
-0.9907292765302127
-0.9328424774744195
-0.6841457279772726
-0.4055626023257237
0.16992734117342168
0.5213793674773467
0.4634925684215534
0.46349256842155334
0.38199232199390004
0.08866998006755186
0.07207382054574768
-0.18612627098252532
0.1481122078646464
-0.30063056223105766
0.033607916616114064
-0.1387506547601151
0.18442905331462942
0.21963202506758248
0.13813177863992926
0.15631588583113115
0.3932961398146212
0.3401968502066633
0.669776458196514
1.5034664932239328
1.2069870497173796
1.2476948371064362
1.3669541188747083
1.1481579720824204
1.4547415206353609
1.2342104944968282
1.5306899380033816
1.7087782974066117
1.8868666568098422
1.9218989372570396
1.8356994831657836
1.5423771412394358
1.7629081673779678
1.698621468407069
1.4492497122046792
1.7770882911367443
1.8882396802577182
1.5187982296575933
1.3225257630631608
1.126253296468728
0.1881797001588526
0.2759671019195052
-0.017355240006842992
0.03574404960111485
0.017559942409913126
-0.30561976566483195
-0.378411081452647
-0.6153913354361369
-0.880684244455088
-1.1410832629154348
-2.1188480105298284
-2.1305097289269495
-2.0310200582030964
-2.4819617552308735
-2.291419076663443
-2.147344364076469
-1.817764756086617
-2.0083074346540486
-2.014707334569154
-1.911952057762376
-2.241531665752227
-1.8257929404774018
-1.866500727866459
-2.235942178466584
-2.1497830611816093
-2.1497830611816098
-2.1433831612665033
-2.262642443034775
-2.4878384897421686
-3.321528524769587
-3.0250490812630337
-3.065756868652091
-2.816385112449701
-3.0069277910171315
-3.0005278911020254
-3.119787172870297
-3.1261870727854033
-3.14336608445214
-3.4092418456160227
-3.0419993219479724
-2.7595274012622846
-2.724495120815088
-2.9781263114369185
-3.1390356591734125
-3.067752262374253
-3.061352362459147
-3.4307938130592714
-3.4261349422019505
-3.182754788303355
-2.9864823217089227
-3.0726414389938967
-3.0726414389938967
-2.928566726406922
-2.6851865725083264
-2.488914105913895
-2.493572976771216
-2.2002506348448674
-1.9216675091933184
-2.007826626478293
-2.1519013390652675
-2.026010733669495
-2.279641924291325
-2.540040942751672
-2.3494982641842412
-2.349498264184241
-2.349498264184241
-2.7187690234786093
-2.5464104521023803
-2.7833907060858696
-2.4374032127969443
-1.499329616487069
-1.5636163154579688
-1.8294920766218519
-1.7386337516732757
-1.4850025610514455
-1.3240932133149512
-1.3883799122858504
-1.0369278859819253
-0.7765288675215793
0.05716116750583933
-0.23931827600071326
-0.19221058869654994
-0.19221058869654994
-0.11071034226889785
-0.07770629744801785
0.9465264161468311
0.8886396170910371
0.6564468725553847
0.963030421108324
0.9652293480403987
0.5965983100697372
0.924436889001802
0.9575370534851004
0.9575370534851004
1.1827331001924943
1.135625412888331
1.4227562044313393
1.336597087146365
1.1114010404389716
1.1585087277431345
1.5271397657137964
1.4180973335740186
1.6762974251022915
1.6291897377981281
2.284791413422316
2.3225504487629345
2.392098966215849
2.3920989662158485
2.392098966215849
2.754969825595112
2.6853665310256605
2.685366531025661
2.910562577733055
2.720019899165624
2.5759451865786493
2.7251928159180228
3.129666546965345
3.0388082220167685
2.952608767925514
2.6944086763972406
2.0795147881621103
1.8473220436264561
2.1603054920945035
2.069447167145927
1.902015430615351
1.9993061744071308
1.6478541481032043
1.7121408470741046
1.6298301880169885
0.605597474422138
0.8956770180135845
0.5826935695455382
0.662805301670581
0.5813050552429273
0.32310496371465486
-0.5105850713127639
-0.4526982722569707
-0.1210158569974642
0.49387803123766627
0.1621956159781604
0.3527382945455911
0.3591381944606974
0.32137915912007864
0.21699559783762185
0.21699559783762168
-0.07013519370538651
-0.3526071143910742
-0.3061391484106183
-0.4105227096930751
-0.4105227096930753
-0.6976535012360837
-0.33041097756803295
-0.7791537476637369
-0.957242107066967
-1.93500685468136
-1.8819075650734027
-1.9514560825263167
-2.2831384977858233
-2.236670531805367
-2.1972665870693815
-1.9313908259054986
-2.0175499431904726
-2.242745989897866
-2.1962780239174102
-2.1565868726128925
-2.305834501952266
-2.3410374737052186
-2.3410374737052186
-2.2548380196139637
-2.1055903902745907
-2.3956699338660377
-2.0991904903594847
-2.1462981776636476
-2.227798424091301
-2.209614316900099
-2.2426183617209783
-1.2183856481261282
-1.2826723470970283
-1.5320441032994185
-1.3415014247319867
-1.3351015248168807
-1.437856801623659
-1.696056893151932
-1.2867180677922136
-1.3745054695528662
-1.3926895767440675
-1.7158692848188124
-1.7510722565717656
-2.4066739321959534
-2.1573021759935633
-2.266344608133341
-2.595924216123192
-2.268085637191126
-2.0027927281721754
-2.067079427143075
-2.0293203918024565
-2.0690115431069738
-2.0293203918024565
-1.9249368305199996
-1.9249368305199992
-2.0064370769476523
-2.0458410216836374
-1.5948993246558598
-0.7612092896284415
-0.3567355585811195
-0.5290941299573491
-0.6783417592967225
-0.7511330750845379
-0.3488582709692901
-0.42897000309433253
-0.7161007946373411
-0.629941677352367
-0.7740163899393415
-0.6481257845435688
-0.28554213173283904
-0.3945845638726169
-0.7241641718624678
-0.39632559293040215
-0.4494248825383595
-0.37987636508544553
-0.39638037004693893
-0.36337632522605956
-0.36337632522605967
-0.3633763252260598
-0.5074510378130346
-0.8370306458028853
-1.8147953934172785
-1.7175046496254995
-1.8367639313937714
-1.8367639313937714
-1.8367639313937714
-1.8367639313937714
-1.8367639313937714
-2.199634790773034
-2.216230950294838
-1.9792506963113488
-1.7139577872923977
-1.7782444862632973
-2.0441202474271805
-2.240392714021613
-2.149534389073037
-2.1495343890730365
-2.1431344891579305
-1.4703538018670066
-1.7025465464026595
-1.4060671028961065
-1.0839040309059014
-1.0885629017632226
-0.8303628102349496
-0.22186882191492474
-0.10260954014665319
-0.4654803995259158
-0.5766317886468889
-1.4981092254349593
-1.7766923510865085
-1.4369020431797037
-1.2759926954432095
-1.2032013796553946
-1.6054761837706415
-1.5253644516455995
-1.6068646980732524
-1.283684989998508
-0.9787009296750394
-1.0318002192829971
-1.0648042641038757
-1.1463045105315295
-1.185995661836047
-1.146591717100062
-0.8972199608976718
-0.9379277482867291
-0.016450311498657832
-0.34593379982609024
-0.6680968718162956
-0.328306563909491
-0.02332250358602228
-0.00672634406421771
0.2865959978621304
0.28879492479420454
0.2887949247942044
0.5075910715864921
0.5427940433394455
0.9114250813101071
1.7451151163375256
2.1495888473848472
2.1449299765275263
1.8217502684527813
1.5167662081293125
1.3376727532016166
1.3210765936798123
1.3392607008710138
1.3574448080622166
1.6806245161369615
1.6163378171660618
0.6948603803779899
0.7479596699859475
0.7809637148068265
1.4365653904310145
1.4578204208101395
1.1814362220906651
0.3295620798720448
0.5500931060105776
0.6063804168368997
0.4389486803063245
0.7849361735952503
0.6125776022190212
0.4633299728796476
0.5276166718505471
1.4325901036771251
1.50538141946494
1.1031066153496931
1.2754651867259215
0.952285478651177
0.791376130914683
0.8626595277138425
0.8562596277987362
0.9590149046055141
1.3612897087207616
1.2811779765957196
0.9940471850527107
0.7115752643670237
0.10308127604699915
1.008054707873577
1.0643420186998995
1.0643420186998993
0.8321492741642458
0.775861963337924
0.8848144255268231
0.5153729749266979
0.855163282833503
0.5650837392420558
0.5234808675739961
0.2576051064101128
-0.5942690358085071
-0.596467962740581
-0.6779682091682342
-0.3547885010934896
-0.2819971853056742
-0.038617031407078645
0.2438548892786091
1.0775449243060276
1.2384542720425218
0.9483747284510748
1.006261527506868
1.0062615275068683
0.9200620734156129
0.6618619818873401
-0.31590276572705295
0.030084727561872332
0.22635719415630456
0.05399862278007528
0.12354714023298932
0.3722438897301362
0.30264059516068553
0.3026405951606853
1.3268733087555349
1.4877826564920296
1.1747992080239826
0.32292506580536273
0.37602435541332024
0.7782991595285678
0.6874408345799915
0.6874408345799916
0.5433661219930168
0.8015662135212898
0.47372763458922396
0.45713147506741975
0.42412743024654065
